12 18


1 杭电大门

杭电是浙江省人民政府与国防科技工业局共建的教学研究型大学，是浙江省首批重点建设的5所高校之一。


2 月牙湖

月牙湖是杭电大门旁边形状像月亮一样的湖。


3 行政楼

行政楼是杭领导的办公楼。


4 一教

一教是杭电的计算机学院教学楼。


5 二教

二教是杭电的自动化学院教学楼。


6 三教

三教是杭电的外国语学院教学楼。


7 四教

四教是信智楼。


8 七教

七教是信博楼。


9 六教

六教是杭电的理学院教学楼。


10 图书馆

杭州电子科技大学图书馆始建于1956年，图书馆现有藏书500余万册。


11 体育馆

体育馆里有排球场、羽毛球场等运动场馆。


12 排球场

室外排球场是学生们经常在课后去锻炼玩耍的地方。



0 1 150

0 2 150

0 9 500

1 2 200

1 3 100

2 4 100

3 4 200

3 5 100

4 6 100

5 6 200

5 7 100

6 8 100

6 11 150

7 8 200

7 9 250

8 9 250

8 10 150

10 11 100